Steam Success Predictor - Model Metrics
==================================================

roc_auc: 0.9302637796966963
precision: 0.29015544041450775
recall: 0.8089887640449438
f1: 0.4271186440677966
confusion_matrix: [[20811, 2466], [238, 1008]]
